Qtot1.0408340855860843e-16
# RMSE: 1.3301126764409683, Max. Err: 3.362002945580077 kcal/mol Qa(l,m) [a = atom index]
5
Q1(0,0)     -0.09859385831484642
Q2(0,0)     0.05343753058397261
Q3(0,0)     -0.00029694181319830075
Q4(0,0)     -0.025030797811466117
Q5(0,0)     0.09086272098591275
Q6(0,0)     0.01137065705040743
Q7(0,0)     -0.19694523355684837
Q8(0,0)     0.07216044784380779
Q9(0,0)     0.12172290477639008
Q10(0,0)     -0.02868742974413136
Q1(1,-1)     0.3603513858168022
Q1(1,0)     -0.007804769571266641
Q1(1,1)     -0.12020437467414846
Q2(1,-1)     -0.40915847347029116
Q2(1,0)     0.15490331144066855
Q2(1,1)     0.1349877601741016
Q3(1,-1)     0.30756048138398995
Q3(1,0)     -0.03382898298515776
Q3(1,1)     -0.40814289189278946
Q4(1,-1)     -0.22728701496181108
Q4(1,0)     0.05438715376788325
Q4(1,1)     0.3503013647063494
Q5(1,-1)     -0.13822851885845724
Q5(1,0)     -0.05255234540612997
Q5(1,1)     0.04560910339323508
Q6(1,-1)     0.04615414753280497
Q6(1,0)     -0.05776249905119254
Q6(1,1)     -0.01698470545432907
Q7(1,-1)     0.13734393229290118
Q7(1,0)     -0.047516468824157276
Q7(1,1)     -0.09178156878737509
Q8(1,-1)     -0.09220201709521311
Q8(1,0)     0.028953380286450288
Q8(1,1)     0.0314034972810575
Q9(1,-1)     0.07370529312711234
Q9(1,0)     0.0003424868720182661
Q9(1,1)     -0.2020313274788435
Q10(1,-1)     0.018613709752826335
Q10(1,0)     -0.039590209180276247
Q10(1,1)     0.04723248381742916
Q1(2,-2)     0.4225741064783721
Q1(2,-1)     0.22637342919904047
Q1(2,0)     -0.33430421775082564
Q1(2,1)     -0.21568109998495733
Q1(2,2)     0.1971567898252528
Q2(2,-2)     0.39125204413049064
Q2(2,-1)     0.09361058257026608
Q2(2,0)     -0.3104947722039813
Q2(2,1)     -0.2404189496757601
Q2(2,2)     0.1675762317764164
Q3(2,-2)     0.21733117954423783
Q3(2,-1)     -0.12446475067550894
Q3(2,0)     -0.3964560691161447
Q3(2,1)     -0.09871704326818377
Q3(2,2)     -0.07407427603846656
Q4(2,-2)     0.5542025348069852
Q4(2,-1)     0.045494957311627116
Q4(2,0)     -0.4325710553092964
Q4(2,1)     0.0769007075241727
Q4(2,2)     -0.0453014721405671
Q5(2,-2)     -0.168066261233745
Q5(2,-1)     0.06719163732560696
Q5(2,0)     -0.17011321190746084
Q5(2,1)     -0.07354923225972376
Q5(2,2)     0.12510640788514926
Q6(2,-2)     0.03579947719251911
Q6(2,-1)     0.09371549783107529
Q6(2,0)     -0.21151401447658552
Q6(2,1)     -0.06179665299387518
Q6(2,2)     -0.003050115215571899
Q7(2,-2)     1.0125745130225188
Q7(2,-1)     -0.14846375599371717
Q7(2,0)     -0.8009897264082646
Q7(2,1)     -0.05296116958927039
Q7(2,2)     -1.5561908494164793
Q8(2,-2)     -0.0035680468805690535
Q8(2,-1)     -0.06266550546840421
Q8(2,0)     -0.27591578918089615
Q8(2,1)     0.06498043677288319
Q8(2,2)     -0.07129738395778498
Q9(2,-2)     -0.13224057651500404
Q9(2,-1)     0.07072219571976955
Q9(2,0)     -0.3442720148247186
Q9(2,1)     -0.06047580974435674
Q9(2,2)     -0.0029172441322163484
Q10(2,-2)     0.02314779827742702
Q10(2,-1)     -0.01575760091461809
Q10(2,0)     -0.14992060742787452
Q10(2,1)     0.11299488416411885
Q10(2,2)     0.14704498094947407
Q1(3,-3)     0.2977598888093956
Q1(3,-2)     0.9083184318349767
Q1(3,-1)     0.4479782866654435
Q1(3,0)     -0.04261666346965969
Q1(3,1)     -0.3569651051764064
Q1(3,2)     0.09423046668896247
Q1(3,3)     0.14196006265989913
Q2(3,-3)     -0.14212840073873123
Q2(3,-2)     0.12472943809243245
Q2(3,-1)     -0.19007105588880527
Q2(3,0)     -0.042106552155200844
Q2(3,1)     0.2292882357212105
Q2(3,2)     -0.5269036374454527
Q2(3,3)     -0.2473083902917143
Q3(3,-3)     0.24563788507514986
Q3(3,-2)     0.05473883564655269
Q3(3,-1)     0.2164817454156905
Q3(3,0)     0.19627060996031442
Q3(3,1)     -0.35386410963089443
Q3(3,2)     -0.23868117505761738
Q3(3,3)     0.3736317990586322
Q4(3,-3)     -0.3615833400886549
Q4(3,-2)     -0.15298503397636776
Q4(3,-1)     -0.6270075574000155
Q4(3,0)     -0.11118255302291438
Q4(3,1)     0.6550295115962433
Q4(3,2)     -0.7317852425084087
Q4(3,3)     -0.2207353161060823
Q5(3,-3)     0.007910542993592498
Q5(3,-2)     0.19053933735470713
Q5(3,-1)     0.13667398762591887
Q5(3,0)     0.03577466653738566
Q5(3,1)     -0.09969133799646307
Q5(3,2)     -0.06287799608556677
Q5(3,3)     -0.11615552551939216
Q6(3,-3)     -0.01974995055014253
Q6(3,-2)     0.19084159901381412
Q6(3,-1)     0.28909073601286
Q6(3,0)     0.025292210389584516
Q6(3,1)     0.049644989999767616
Q6(3,2)     0.13469929429169303
Q6(3,3)     -0.1686832656741198
Q7(3,-3)     0.0235077209036298
Q7(3,-2)     -0.11898392045989481
Q7(3,-1)     0.4036247039098706
Q7(3,0)     0.23029430387207886
Q7(3,1)     0.32424689899902215
Q7(3,2)     0.19921541271934554
Q7(3,3)     0.5134641744784333
Q8(3,-3)     -0.1539786179956555
Q8(3,-2)     -0.18042629504431562
Q8(3,-1)     0.18537657003915403
Q8(3,0)     -0.0036411394058269895
Q8(3,1)     0.22279537762871637
Q8(3,2)     -0.13133412454329996
Q8(3,3)     -0.13905130914675323
Q9(3,-3)     0.030637828460574588
Q9(3,-2)     -0.05559810813418741
Q9(3,-1)     -0.2045758476298347
Q9(3,0)     -0.25388483872266776
Q9(3,1)     0.4051668264258539
Q9(3,2)     -0.03610588650782353
Q9(3,3)     -0.14715708057600907
Q10(3,-3)     0.04806032500021893
Q10(3,-2)     0.07828280765192981
Q10(3,-1)     0.1494214963039305
Q10(3,0)     0.21259320335197643
Q10(3,1)     0.13598713023933134
Q10(3,2)     -0.05256097999722278
Q10(3,3)     -0.18657072750046505
Q1(4,-4)     0.026206656383707103
Q1(4,-3)     0.31162645295689145
Q1(4,-2)     0.2527704300696515
Q1(4,-1)     -0.013840458782280306
Q1(4,0)     -0.014775597053407436
Q1(4,1)     0.08098711432453765
Q1(4,2)     -0.07189555724497339
Q1(4,3)     0.5132267607777076
Q1(4,4)     0.016905295549393858
Q2(4,-4)     0.012212801818077493
Q2(4,-3)     -0.4726531641079444
Q2(4,-2)     0.0907107687631743
Q2(4,-1)     0.23179399631760178
Q2(4,0)     0.3687865854211787
Q2(4,1)     -0.2783114383538728
Q2(4,2)     0.26755197384349055
Q2(4,3)     -0.7557742435380109
Q2(4,4)     -0.013219690350978953
Q3(4,-4)     -0.000771855745642804
Q3(4,-3)     -0.13239880583162664
Q3(4,-2)     0.16962357698241295
Q3(4,-1)     -0.03828705623151852
Q3(4,0)     0.38606576164339007
Q3(4,1)     -0.6322567395352343
Q3(4,2)     -0.1649958262829855
Q3(4,3)     0.26796286504497874
Q3(4,4)     0.09001841470811656
Q4(4,-4)     -0.04109537180487794
Q4(4,-3)     -0.029203769808280943
Q4(4,-2)     0.15986625321390227
Q4(4,-1)     -0.29096939491239937
Q4(4,0)     0.06564280482187478
Q4(4,1)     -0.22000295701363076
Q4(4,2)     0.13322635622002096
Q4(4,3)     0.15845967589820645
Q4(4,4)     0.15835985866579916
Q5(4,-4)     0.2559881371576184
Q5(4,-3)     0.29548414826326563
Q5(4,-2)     0.09444635071898552
Q5(4,-1)     -0.06879784731653105
Q5(4,0)     -0.031049623960773737
Q5(4,1)     0.036053712354161854
Q5(4,2)     0.15600903530986257
Q5(4,3)     -0.1368786893258605
Q5(4,4)     -0.3828534709392005
Q6(4,-4)     0.3940516539934334
Q6(4,-3)     -0.24386833095895685
Q6(4,-2)     0.00955799309640443
Q6(4,-1)     -0.022322647618585954
Q6(4,0)     0.2993812059898008
Q6(4,1)     0.11879645356225811
Q6(4,2)     0.15284667669905175
Q6(4,3)     0.24899766096142972
Q6(4,4)     0.3616876733445029
Q7(4,-4)     0.6815221896207398
Q7(4,-3)     0.23269732517595887
Q7(4,-2)     0.2021857632049099
Q7(4,-1)     0.29296477033629426
Q7(4,0)     -0.23680679294425316
Q7(4,1)     0.14039077451804707
Q7(4,2)     0.18886123679155695
Q7(4,3)     0.06683212908705609
Q7(4,4)     -0.04375947558055202
Q8(4,-4)     0.07810377451370928
Q8(4,-3)     0.17877928718572234
Q8(4,-2)     -0.14218883784398556
Q8(4,-1)     0.009743475097236928
Q8(4,0)     0.21772462411659207
Q8(4,1)     -0.15703172809547314
Q8(4,2)     -0.3447511233161883
Q8(4,3)     -0.274585357886571
Q8(4,4)     -0.15569020414864615
Q9(4,-4)     0.019321010122564382
Q9(4,-3)     0.1575349386057905
Q9(4,-2)     0.406897101169615
Q9(4,-1)     -0.4446398756579721
Q9(4,0)     0.18891151125063763
Q9(4,1)     -0.027441460457287556
Q9(4,2)     -0.4187121182132717
Q9(4,3)     -0.0950220298836275
Q9(4,4)     0.02096359322943841
Q10(4,-4)     -0.2115115257810332
Q10(4,-3)     -0.26231864123069093
Q10(4,-2)     -0.31483037180862683
Q10(4,-1)     -0.002730580185061367
Q10(4,0)     -0.040498757246296126
Q10(4,1)     -0.2737170667001659
Q10(4,2)     0.12110567576179831
Q10(4,3)     -0.11744522625479756
Q10(4,4)     0.28424757667833345
Q1(5,-5)     0.029482623205468298
Q1(5,-4)     -0.044431514256123884
Q1(5,-3)     0.1752821388022179
Q1(5,-2)     1.0857809689028823
Q1(5,-1)     0.24462680113270388
Q1(5,0)     0.4387257919590876
Q1(5,1)     -0.19493295896011614
Q1(5,2)     0.24081176913535166
Q1(5,3)     0.043523918256855296
Q1(5,4)     -0.015494055797988656
Q1(5,5)     0.049589761987348456
Q2(5,-5)     0.0019461667185367703
Q2(5,-4)     0.022874021710420203
Q2(5,-3)     0.014881515692509584
Q2(5,-2)     0.2929527560371736
Q2(5,-1)     -0.04858496154466137
Q2(5,0)     0.12607032247006275
Q2(5,1)     0.13584455706282092
Q2(5,2)     -0.30860853692060897
Q2(5,3)     -0.08355654097042109
Q2(5,4)     0.09709614816712851
Q2(5,5)     0.023925735892709868
Q3(5,-5)     -0.012332784811216788
Q3(5,-4)     -0.014165166600867224
Q3(5,-3)     0.0008436854382917175
Q3(5,-2)     -0.21451745839379113
Q3(5,-1)     0.01984322242782823
Q3(5,0)     0.17316906647286184
Q3(5,1)     -0.006825356444349195
Q3(5,2)     -0.3783506255502781
Q3(5,3)     0.08777038279875297
Q3(5,4)     -0.07688767881842495
Q3(5,5)     0.023125667224408078
Q4(5,-5)     -0.008627819979586032
Q4(5,-4)     -0.051775627348732756
Q4(5,-3)     -0.2578835313655505
Q4(5,-2)     -0.05097783159118976
Q4(5,-1)     -0.14421041410689467
Q4(5,0)     0.0009871982323912858
Q4(5,1)     0.07175586818413522
Q4(5,2)     -0.028912125064137956
Q4(5,3)     -0.0546659423521436
Q4(5,4)     0.017140579151947354
Q4(5,5)     0.04239447331524294
Q5(5,-5)     0.1793358799818005
Q5(5,-4)     0.20576056901678497
Q5(5,-3)     -0.07765974150677055
Q5(5,-2)     -0.04091865464906439
Q5(5,-1)     -0.0176354383285374
Q5(5,0)     0.02526617009023709
Q5(5,1)     -0.24601372273600144
Q5(5,2)     0.13007346667577438
Q5(5,3)     0.2234940786444268
Q5(5,4)     -0.18238741743698592
Q5(5,5)     -0.45546041186556363
Q6(5,-5)     -0.7965819826435564
Q6(5,-4)     -0.011266214842424198
Q6(5,-3)     -0.2911402968190925
Q6(5,-2)     -0.15388192834307177
Q6(5,-1)     -0.3081168188718458
Q6(5,0)     -0.005698918941557763
Q6(5,1)     -0.09434642929527684
Q6(5,2)     -0.11062600146460351
Q6(5,3)     0.02979787146009042
Q6(5,4)     -0.1393991422279925
Q6(5,5)     0.20151270128357845
Q7(5,-5)     -0.3994535547745589
Q7(5,-4)     0.04130558202362765
Q7(5,-3)     0.09520034590155162
Q7(5,-2)     -0.05949339997333187
Q7(5,-1)     0.04591401953238681
Q7(5,0)     0.22583086161868304
Q7(5,1)     0.30434444429632174
Q7(5,2)     0.14469807618800865
Q7(5,3)     0.07909292931244627
Q7(5,4)     -0.17372326899186297
Q7(5,5)     0.03365941765363809
Q8(5,-5)     0.1345713244289225
Q8(5,-4)     0.2908531980039254
Q8(5,-3)     0.3902412224043537
Q8(5,-2)     0.15771433747348912
Q8(5,-1)     0.029334089659273074
Q8(5,0)     -0.048283865468095814
Q8(5,1)     -0.2389960898836818
Q8(5,2)     0.002092310700820535
Q8(5,3)     0.09298475417238855
Q8(5,4)     0.10476552560902058
Q8(5,5)     -0.1635224215700626
Q9(5,-5)     -0.30188910714207945
Q9(5,-4)     -0.17327106131949563
Q9(5,-3)     -0.30872970587523263
Q9(5,-2)     -0.13779082933540238
Q9(5,-1)     -0.09557055633274293
Q9(5,0)     0.48546831146826513
Q9(5,1)     -0.4897989093465439
Q9(5,2)     -0.15678606925337238
Q9(5,3)     -0.13049254855651332
Q9(5,4)     -0.08988075191204711
Q9(5,5)     -0.2781693104865124
Q10(5,-5)     0.26191965643988513
Q10(5,-4)     0.3465363677639258
Q10(5,-3)     0.29908601147234354
Q10(5,-2)     0.015066795204978113
Q10(5,-1)     -0.1899197124929809
Q10(5,0)     -0.053854988370746974
Q10(5,1)     0.2858080012582514
Q10(5,2)     -0.10806003723129054
Q10(5,3)     -0.2276618037312596
Q10(5,4)     0.07725704096533365
Q10(5,5)     -0.291125686659824
